{
 "cells": [
  {
   "cell_type": "code",
   "execution_count": 1,
   "metadata": {},
   "outputs": [],
   "source": [
    "# import packages \n",
    "import pandas as pd\n",
    "import numpy as np\n",
    "import matplotlib.pyplot as plt\n",
    "import matplotlib as mpl\n",
    "from matplotlib import font_manager, rc\n",
    "from pandas.plotting import scatter_matrix\n",
    "import seaborn as sns\n",
    "\n",
    "%matplotlib inline"
   ]
  },
  {
   "cell_type": "code",
   "execution_count": 2,
   "metadata": {},
   "outputs": [],
   "source": [
    "# setting for using Korean\n",
    "## for Windows\n",
    "# font_location = \"c:/Windows/fonts/malgun.ttf\"\n",
    "# font_name = font_manager.FontProperties(fname = font_location).get_name()\n",
    "# matplotlib.rc(\"font\", family = font_name)\n",
    "\n",
    "#for Mac\n",
    "rc('font', family='AppleGothic')\n",
    "plt.rcParams['axes.unicode_minus'] = False"
   ]
  },
  {
   "cell_type": "code",
   "execution_count": 3,
   "metadata": {},
   "outputs": [],
   "source": [
    "# load data1 as 'teenager_crime' and data2 as 'nightlife_crime'\n",
    "teenager_crime = pd.read_csv(\"crime_teenager.csv\", encoding = \"ms949\")\n",
    "nightlife_crime = pd.read_csv (\"nightlife_crime.csv\", encoding = 'ms949')"
   ]
  },
  {
   "cell_type": "code",
   "execution_count": 4,
   "metadata": {},
   "outputs": [
    {
     "name": "stdout",
     "output_type": "stream",
     "text": [
      "<class 'pandas.core.frame.DataFrame'>\n",
      "RangeIndex: 31 entries, 0 to 30\n",
      "Data columns (total 6 columns):\n",
      "location         31 non-null object\n",
      "murder           31 non-null int64\n",
      "robbery          31 non-null int64\n",
      "forcible_rape    31 non-null int64\n",
      "thief            31 non-null int64\n",
      "violence         31 non-null int64\n",
      "dtypes: int64(5), object(1)\n",
      "memory usage: 1.5+ KB\n",
      "data info: None\n",
      "['중  부' '종  로' '남대문' '서대문' '혜  화' '용  산' '성  북' '동대문' '마  포' '영등포' '성  동'\n",
      " '동  작' '광  진' '서  부' '강  북' '금  천' '중  랑' '강  남' '관  악' '강  서' '강  동'\n",
      " '종  암' '구  로' '서  초' '양  천' '송  파' '노  원' '방  배' '은  평' '도  봉' '수  서']\n"
     ]
    }
   ],
   "source": [
    "# checking the dataset:'teenager_crime' and columns\n",
    "print (\"data info:\", teenager_crime.info())\n",
    "\n",
    "print (teenager_crime[\"location\"].unique())"
   ]
  },
  {
   "cell_type": "markdown",
   "metadata": {},
   "source": [
    "location: 지역구명, murder: 살인, robbery: 강도, forcible_rape: 강간, thief: 절도, violence: 폭행"
   ]
  },
  {
   "cell_type": "code",
   "execution_count": 5,
   "metadata": {},
   "outputs": [
    {
     "data": {
      "text/html": [
       "<div>\n",
       "<style scoped>\n",
       "    .dataframe tbody tr th:only-of-type {\n",
       "        vertical-align: middle;\n",
       "    }\n",
       "\n",
       "    .dataframe tbody tr th {\n",
       "        vertical-align: top;\n",
       "    }\n",
       "\n",
       "    .dataframe thead th {\n",
       "        text-align: right;\n",
       "    }\n",
       "</style>\n",
       "<table border=\"1\" class=\"dataframe\">\n",
       "  <thead>\n",
       "    <tr style=\"text-align: right;\">\n",
       "      <th></th>\n",
       "      <th>location</th>\n",
       "      <th>murder</th>\n",
       "      <th>robbery</th>\n",
       "      <th>forcible_rape</th>\n",
       "      <th>thief</th>\n",
       "      <th>violence</th>\n",
       "    </tr>\n",
       "  </thead>\n",
       "  <tbody>\n",
       "    <tr>\n",
       "      <th>0</th>\n",
       "      <td>중  부</td>\n",
       "      <td>0</td>\n",
       "      <td>0</td>\n",
       "      <td>1</td>\n",
       "      <td>44</td>\n",
       "      <td>42</td>\n",
       "    </tr>\n",
       "    <tr>\n",
       "      <th>1</th>\n",
       "      <td>종  로</td>\n",
       "      <td>0</td>\n",
       "      <td>3</td>\n",
       "      <td>4</td>\n",
       "      <td>34</td>\n",
       "      <td>57</td>\n",
       "    </tr>\n",
       "    <tr>\n",
       "      <th>2</th>\n",
       "      <td>남대문</td>\n",
       "      <td>0</td>\n",
       "      <td>0</td>\n",
       "      <td>0</td>\n",
       "      <td>43</td>\n",
       "      <td>4</td>\n",
       "    </tr>\n",
       "    <tr>\n",
       "      <th>3</th>\n",
       "      <td>서대문</td>\n",
       "      <td>0</td>\n",
       "      <td>4</td>\n",
       "      <td>5</td>\n",
       "      <td>142</td>\n",
       "      <td>103</td>\n",
       "    </tr>\n",
       "    <tr>\n",
       "      <th>4</th>\n",
       "      <td>혜  화</td>\n",
       "      <td>0</td>\n",
       "      <td>2</td>\n",
       "      <td>2</td>\n",
       "      <td>38</td>\n",
       "      <td>29</td>\n",
       "    </tr>\n",
       "  </tbody>\n",
       "</table>\n",
       "</div>"
      ],
      "text/plain": [
       "  location  murder  robbery  forcible_rape  thief  violence\n",
       "0     중  부       0        0              1     44        42\n",
       "1     종  로       0        3              4     34        57\n",
       "2      남대문       0        0              0     43         4\n",
       "3      서대문       0        4              5    142       103\n",
       "4     혜  화       0        2              2     38        29"
      ]
     },
     "execution_count": 5,
     "metadata": {},
     "output_type": "execute_result"
    }
   ],
   "source": [
    "teenager_crime.head()"
   ]
  },
  {
   "cell_type": "code",
   "execution_count": 6,
   "metadata": {},
   "outputs": [
    {
     "name": "stdout",
     "output_type": "stream",
     "text": [
      "<class 'pandas.core.frame.DataFrame'>\n",
      "RangeIndex: 25 entries, 0 to 24\n",
      "Data columns (total 14 columns):\n",
      "region               25 non-null object\n",
      "pub                  25 non-null int64\n",
      "karaoke              25 non-null int64\n",
      "tot_nightlife        25 non-null int64\n",
      "murder               25 non-null int64\n",
      "robbery              25 non-null int64\n",
      "forcible_rape        25 non-null int64\n",
      "thef                 25 non-null int64\n",
      "violence             25 non-null int64\n",
      "murder_tot           25 non-null int64\n",
      "robbery_Tot          25 non-null int64\n",
      "forcible_rape_Tot    25 non-null int64\n",
      "thef_tot             25 non-null int64\n",
      "violence_Tot         25 non-null int64\n",
      "dtypes: int64(13), object(1)\n",
      "memory usage: 2.8+ KB\n",
      "data info: None\n",
      "['강남' '강동' '강북' '강서' '관악' '광진' '구로' '금천' '노원' '도봉' '동대문' '동작' '마포' '서대문'\n",
      " '서초' '성동' '성북' '송파' '양천' '영등포' '용산' '은평' '종로' '중구' '중랑']\n"
     ]
    }
   ],
   "source": [
    "# checking the dataset:'nightlife_crime' and columns\n",
    "print (\"data info:\", nightlife_crime.info())\n",
    "\n",
    "print (nightlife_crime[\"region\"].unique())"
   ]
  },
  {
   "cell_type": "markdown",
   "metadata": {},
   "source": [
    "location: 지역구명, pub: 유흥주점, karaoke: 단란주점, murder: 청소년 살인, robbery: 청소년 강도, forcible_rape: 청소년 강간, thef: 청소년 절도, violence: 청소년 폭행, murder_tot: 살인, robbery_Tot: 강도, forcible_rape_Tot: 강간, thef_tot: 절도, violence_Tot: 폭행"
   ]
  },
  {
   "cell_type": "code",
   "execution_count": 7,
   "metadata": {},
   "outputs": [
    {
     "data": {
      "text/html": [
       "<div>\n",
       "<style scoped>\n",
       "    .dataframe tbody tr th:only-of-type {\n",
       "        vertical-align: middle;\n",
       "    }\n",
       "\n",
       "    .dataframe tbody tr th {\n",
       "        vertical-align: top;\n",
       "    }\n",
       "\n",
       "    .dataframe thead th {\n",
       "        text-align: right;\n",
       "    }\n",
       "</style>\n",
       "<table border=\"1\" class=\"dataframe\">\n",
       "  <thead>\n",
       "    <tr style=\"text-align: right;\">\n",
       "      <th></th>\n",
       "      <th>region</th>\n",
       "      <th>pub</th>\n",
       "      <th>karaoke</th>\n",
       "      <th>tot_nightlife</th>\n",
       "      <th>murder</th>\n",
       "      <th>robbery</th>\n",
       "      <th>forcible_rape</th>\n",
       "      <th>thef</th>\n",
       "      <th>violence</th>\n",
       "      <th>murder_tot</th>\n",
       "      <th>robbery_Tot</th>\n",
       "      <th>forcible_rape_Tot</th>\n",
       "      <th>thef_tot</th>\n",
       "      <th>violence_Tot</th>\n",
       "    </tr>\n",
       "  </thead>\n",
       "  <tbody>\n",
       "    <tr>\n",
       "      <th>0</th>\n",
       "      <td>강남</td>\n",
       "      <td>283</td>\n",
       "      <td>354</td>\n",
       "      <td>637</td>\n",
       "      <td>0</td>\n",
       "      <td>0</td>\n",
       "      <td>9</td>\n",
       "      <td>67</td>\n",
       "      <td>37</td>\n",
       "      <td>3</td>\n",
       "      <td>15</td>\n",
       "      <td>300</td>\n",
       "      <td>2411</td>\n",
       "      <td>2465</td>\n",
       "    </tr>\n",
       "    <tr>\n",
       "      <th>1</th>\n",
       "      <td>강동</td>\n",
       "      <td>146</td>\n",
       "      <td>106</td>\n",
       "      <td>252</td>\n",
       "      <td>0</td>\n",
       "      <td>3</td>\n",
       "      <td>6</td>\n",
       "      <td>193</td>\n",
       "      <td>158</td>\n",
       "      <td>4</td>\n",
       "      <td>6</td>\n",
       "      <td>156</td>\n",
       "      <td>2366</td>\n",
       "      <td>2712</td>\n",
       "    </tr>\n",
       "    <tr>\n",
       "      <th>2</th>\n",
       "      <td>강북</td>\n",
       "      <td>79</td>\n",
       "      <td>128</td>\n",
       "      <td>207</td>\n",
       "      <td>0</td>\n",
       "      <td>0</td>\n",
       "      <td>9</td>\n",
       "      <td>166</td>\n",
       "      <td>210</td>\n",
       "      <td>7</td>\n",
       "      <td>14</td>\n",
       "      <td>153</td>\n",
       "      <td>1434</td>\n",
       "      <td>2649</td>\n",
       "    </tr>\n",
       "    <tr>\n",
       "      <th>3</th>\n",
       "      <td>강서</td>\n",
       "      <td>113</td>\n",
       "      <td>167</td>\n",
       "      <td>280</td>\n",
       "      <td>0</td>\n",
       "      <td>3</td>\n",
       "      <td>9</td>\n",
       "      <td>273</td>\n",
       "      <td>240</td>\n",
       "      <td>7</td>\n",
       "      <td>13</td>\n",
       "      <td>262</td>\n",
       "      <td>2096</td>\n",
       "      <td>3207</td>\n",
       "    </tr>\n",
       "    <tr>\n",
       "      <th>4</th>\n",
       "      <td>관악</td>\n",
       "      <td>223</td>\n",
       "      <td>99</td>\n",
       "      <td>322</td>\n",
       "      <td>0</td>\n",
       "      <td>2</td>\n",
       "      <td>14</td>\n",
       "      <td>170</td>\n",
       "      <td>209</td>\n",
       "      <td>9</td>\n",
       "      <td>12</td>\n",
       "      <td>320</td>\n",
       "      <td>2706</td>\n",
       "      <td>3298</td>\n",
       "    </tr>\n",
       "  </tbody>\n",
       "</table>\n",
       "</div>"
      ],
      "text/plain": [
       "  region  pub  karaoke  tot_nightlife  murder  robbery  forcible_rape  thef  \\\n",
       "0     강남  283      354            637       0        0              9    67   \n",
       "1     강동  146      106            252       0        3              6   193   \n",
       "2     강북   79      128            207       0        0              9   166   \n",
       "3     강서  113      167            280       0        3              9   273   \n",
       "4     관악  223       99            322       0        2             14   170   \n",
       "\n",
       "   violence  murder_tot  robbery_Tot  forcible_rape_Tot  thef_tot  \\\n",
       "0        37           3           15                300      2411   \n",
       "1       158           4            6                156      2366   \n",
       "2       210           7           14                153      1434   \n",
       "3       240           7           13                262      2096   \n",
       "4       209           9           12                320      2706   \n",
       "\n",
       "   violence_Tot  \n",
       "0          2465  \n",
       "1          2712  \n",
       "2          2649  \n",
       "3          3207  \n",
       "4          3298  "
      ]
     },
     "execution_count": 7,
     "metadata": {},
     "output_type": "execute_result"
    }
   ],
   "source": [
    "nightlife_crime.head()"
   ]
  },
  {
   "cell_type": "code",
   "execution_count": 8,
   "metadata": {},
   "outputs": [
    {
     "data": {
      "text/html": [
       "<div>\n",
       "<style scoped>\n",
       "    .dataframe tbody tr th:only-of-type {\n",
       "        vertical-align: middle;\n",
       "    }\n",
       "\n",
       "    .dataframe tbody tr th {\n",
       "        vertical-align: top;\n",
       "    }\n",
       "\n",
       "    .dataframe thead th {\n",
       "        text-align: right;\n",
       "    }\n",
       "</style>\n",
       "<table border=\"1\" class=\"dataframe\">\n",
       "  <thead>\n",
       "    <tr style=\"text-align: right;\">\n",
       "      <th></th>\n",
       "      <th>pub</th>\n",
       "      <th>karaoke</th>\n",
       "      <th>tot_nightlife</th>\n",
       "      <th>murder</th>\n",
       "      <th>robbery</th>\n",
       "      <th>forcible_rape</th>\n",
       "      <th>thef</th>\n",
       "      <th>violence</th>\n",
       "      <th>murder_tot</th>\n",
       "      <th>robbery_Tot</th>\n",
       "      <th>forcible_rape_Tot</th>\n",
       "      <th>thef_tot</th>\n",
       "      <th>violence_Tot</th>\n",
       "    </tr>\n",
       "  </thead>\n",
       "  <tbody>\n",
       "    <tr>\n",
       "      <th>pub</th>\n",
       "      <td>1.000000</td>\n",
       "      <td>0.645022</td>\n",
       "      <td>0.922502</td>\n",
       "      <td>-0.166262</td>\n",
       "      <td>-0.057367</td>\n",
       "      <td>-0.255610</td>\n",
       "      <td>-0.237972</td>\n",
       "      <td>-0.226418</td>\n",
       "      <td>0.072228</td>\n",
       "      <td>0.221281</td>\n",
       "      <td>0.324733</td>\n",
       "      <td>0.291358</td>\n",
       "      <td>0.214815</td>\n",
       "    </tr>\n",
       "    <tr>\n",
       "      <th>karaoke</th>\n",
       "      <td>0.645022</td>\n",
       "      <td>1.000000</td>\n",
       "      <td>0.889996</td>\n",
       "      <td>-0.161529</td>\n",
       "      <td>-0.218839</td>\n",
       "      <td>-0.192438</td>\n",
       "      <td>-0.155352</td>\n",
       "      <td>-0.177201</td>\n",
       "      <td>0.205042</td>\n",
       "      <td>0.528627</td>\n",
       "      <td>0.372836</td>\n",
       "      <td>0.314048</td>\n",
       "      <td>0.310810</td>\n",
       "    </tr>\n",
       "    <tr>\n",
       "      <th>tot_nightlife</th>\n",
       "      <td>0.922502</td>\n",
       "      <td>0.889996</td>\n",
       "      <td>1.000000</td>\n",
       "      <td>-0.180798</td>\n",
       "      <td>-0.144769</td>\n",
       "      <td>-0.249724</td>\n",
       "      <td>-0.220467</td>\n",
       "      <td>-0.224609</td>\n",
       "      <td>0.146668</td>\n",
       "      <td>0.399055</td>\n",
       "      <td>0.382091</td>\n",
       "      <td>0.332481</td>\n",
       "      <td>0.285174</td>\n",
       "    </tr>\n",
       "    <tr>\n",
       "      <th>murder</th>\n",
       "      <td>-0.166262</td>\n",
       "      <td>-0.161529</td>\n",
       "      <td>-0.180798</td>\n",
       "      <td>1.000000</td>\n",
       "      <td>-0.092016</td>\n",
       "      <td>-0.145128</td>\n",
       "      <td>0.019406</td>\n",
       "      <td>-0.108604</td>\n",
       "      <td>0.197589</td>\n",
       "      <td>0.065407</td>\n",
       "      <td>0.077804</td>\n",
       "      <td>0.009438</td>\n",
       "      <td>0.041869</td>\n",
       "    </tr>\n",
       "    <tr>\n",
       "      <th>robbery</th>\n",
       "      <td>-0.057367</td>\n",
       "      <td>-0.218839</td>\n",
       "      <td>-0.144769</td>\n",
       "      <td>-0.092016</td>\n",
       "      <td>1.000000</td>\n",
       "      <td>0.043506</td>\n",
       "      <td>0.213832</td>\n",
       "      <td>0.235965</td>\n",
       "      <td>0.146136</td>\n",
       "      <td>-0.109759</td>\n",
       "      <td>-0.003658</td>\n",
       "      <td>0.033759</td>\n",
       "      <td>0.003840</td>\n",
       "    </tr>\n",
       "    <tr>\n",
       "      <th>forcible_rape</th>\n",
       "      <td>-0.255610</td>\n",
       "      <td>-0.192438</td>\n",
       "      <td>-0.249724</td>\n",
       "      <td>-0.145128</td>\n",
       "      <td>0.043506</td>\n",
       "      <td>1.000000</td>\n",
       "      <td>0.289158</td>\n",
       "      <td>0.308737</td>\n",
       "      <td>-0.010872</td>\n",
       "      <td>0.151990</td>\n",
       "      <td>0.037597</td>\n",
       "      <td>0.219170</td>\n",
       "      <td>0.113525</td>\n",
       "    </tr>\n",
       "    <tr>\n",
       "      <th>thef</th>\n",
       "      <td>-0.237972</td>\n",
       "      <td>-0.155352</td>\n",
       "      <td>-0.220467</td>\n",
       "      <td>0.019406</td>\n",
       "      <td>0.213832</td>\n",
       "      <td>0.289158</td>\n",
       "      <td>1.000000</td>\n",
       "      <td>0.827267</td>\n",
       "      <td>0.514378</td>\n",
       "      <td>0.222466</td>\n",
       "      <td>0.342352</td>\n",
       "      <td>0.491356</td>\n",
       "      <td>0.679691</td>\n",
       "    </tr>\n",
       "    <tr>\n",
       "      <th>violence</th>\n",
       "      <td>-0.226418</td>\n",
       "      <td>-0.177201</td>\n",
       "      <td>-0.224609</td>\n",
       "      <td>-0.108604</td>\n",
       "      <td>0.235965</td>\n",
       "      <td>0.308737</td>\n",
       "      <td>0.827267</td>\n",
       "      <td>1.000000</td>\n",
       "      <td>0.561822</td>\n",
       "      <td>0.168012</td>\n",
       "      <td>0.223450</td>\n",
       "      <td>0.344403</td>\n",
       "      <td>0.584180</td>\n",
       "    </tr>\n",
       "    <tr>\n",
       "      <th>murder_tot</th>\n",
       "      <td>0.072228</td>\n",
       "      <td>0.205042</td>\n",
       "      <td>0.146668</td>\n",
       "      <td>0.197589</td>\n",
       "      <td>0.146136</td>\n",
       "      <td>-0.010872</td>\n",
       "      <td>0.514378</td>\n",
       "      <td>0.561822</td>\n",
       "      <td>1.000000</td>\n",
       "      <td>0.614302</td>\n",
       "      <td>0.568969</td>\n",
       "      <td>0.644370</td>\n",
       "      <td>0.771440</td>\n",
       "    </tr>\n",
       "    <tr>\n",
       "      <th>robbery_Tot</th>\n",
       "      <td>0.221281</td>\n",
       "      <td>0.528627</td>\n",
       "      <td>0.399055</td>\n",
       "      <td>0.065407</td>\n",
       "      <td>-0.109759</td>\n",
       "      <td>0.151990</td>\n",
       "      <td>0.222466</td>\n",
       "      <td>0.168012</td>\n",
       "      <td>0.614302</td>\n",
       "      <td>1.000000</td>\n",
       "      <td>0.659055</td>\n",
       "      <td>0.642022</td>\n",
       "      <td>0.723995</td>\n",
       "    </tr>\n",
       "    <tr>\n",
       "      <th>forcible_rape_Tot</th>\n",
       "      <td>0.324733</td>\n",
       "      <td>0.372836</td>\n",
       "      <td>0.382091</td>\n",
       "      <td>0.077804</td>\n",
       "      <td>-0.003658</td>\n",
       "      <td>0.037597</td>\n",
       "      <td>0.342352</td>\n",
       "      <td>0.223450</td>\n",
       "      <td>0.568969</td>\n",
       "      <td>0.659055</td>\n",
       "      <td>1.000000</td>\n",
       "      <td>0.733394</td>\n",
       "      <td>0.651931</td>\n",
       "    </tr>\n",
       "    <tr>\n",
       "      <th>thef_tot</th>\n",
       "      <td>0.291358</td>\n",
       "      <td>0.314048</td>\n",
       "      <td>0.332481</td>\n",
       "      <td>0.009438</td>\n",
       "      <td>0.033759</td>\n",
       "      <td>0.219170</td>\n",
       "      <td>0.491356</td>\n",
       "      <td>0.344403</td>\n",
       "      <td>0.644370</td>\n",
       "      <td>0.642022</td>\n",
       "      <td>0.733394</td>\n",
       "      <td>1.000000</td>\n",
       "      <td>0.857465</td>\n",
       "    </tr>\n",
       "    <tr>\n",
       "      <th>violence_Tot</th>\n",
       "      <td>0.214815</td>\n",
       "      <td>0.310810</td>\n",
       "      <td>0.285174</td>\n",
       "      <td>0.041869</td>\n",
       "      <td>0.003840</td>\n",
       "      <td>0.113525</td>\n",
       "      <td>0.679691</td>\n",
       "      <td>0.584180</td>\n",
       "      <td>0.771440</td>\n",
       "      <td>0.723995</td>\n",
       "      <td>0.651931</td>\n",
       "      <td>0.857465</td>\n",
       "      <td>1.000000</td>\n",
       "    </tr>\n",
       "  </tbody>\n",
       "</table>\n",
       "</div>"
      ],
      "text/plain": [
       "                        pub   karaoke  tot_nightlife    murder   robbery  \\\n",
       "pub                1.000000  0.645022       0.922502 -0.166262 -0.057367   \n",
       "karaoke            0.645022  1.000000       0.889996 -0.161529 -0.218839   \n",
       "tot_nightlife      0.922502  0.889996       1.000000 -0.180798 -0.144769   \n",
       "murder            -0.166262 -0.161529      -0.180798  1.000000 -0.092016   \n",
       "robbery           -0.057367 -0.218839      -0.144769 -0.092016  1.000000   \n",
       "forcible_rape     -0.255610 -0.192438      -0.249724 -0.145128  0.043506   \n",
       "thef              -0.237972 -0.155352      -0.220467  0.019406  0.213832   \n",
       "violence          -0.226418 -0.177201      -0.224609 -0.108604  0.235965   \n",
       "murder_tot         0.072228  0.205042       0.146668  0.197589  0.146136   \n",
       "robbery_Tot        0.221281  0.528627       0.399055  0.065407 -0.109759   \n",
       "forcible_rape_Tot  0.324733  0.372836       0.382091  0.077804 -0.003658   \n",
       "thef_tot           0.291358  0.314048       0.332481  0.009438  0.033759   \n",
       "violence_Tot       0.214815  0.310810       0.285174  0.041869  0.003840   \n",
       "\n",
       "                   forcible_rape      thef  violence  murder_tot  robbery_Tot  \\\n",
       "pub                    -0.255610 -0.237972 -0.226418    0.072228     0.221281   \n",
       "karaoke                -0.192438 -0.155352 -0.177201    0.205042     0.528627   \n",
       "tot_nightlife          -0.249724 -0.220467 -0.224609    0.146668     0.399055   \n",
       "murder                 -0.145128  0.019406 -0.108604    0.197589     0.065407   \n",
       "robbery                 0.043506  0.213832  0.235965    0.146136    -0.109759   \n",
       "forcible_rape           1.000000  0.289158  0.308737   -0.010872     0.151990   \n",
       "thef                    0.289158  1.000000  0.827267    0.514378     0.222466   \n",
       "violence                0.308737  0.827267  1.000000    0.561822     0.168012   \n",
       "murder_tot             -0.010872  0.514378  0.561822    1.000000     0.614302   \n",
       "robbery_Tot             0.151990  0.222466  0.168012    0.614302     1.000000   \n",
       "forcible_rape_Tot       0.037597  0.342352  0.223450    0.568969     0.659055   \n",
       "thef_tot                0.219170  0.491356  0.344403    0.644370     0.642022   \n",
       "violence_Tot            0.113525  0.679691  0.584180    0.771440     0.723995   \n",
       "\n",
       "                   forcible_rape_Tot  thef_tot  violence_Tot  \n",
       "pub                         0.324733  0.291358      0.214815  \n",
       "karaoke                     0.372836  0.314048      0.310810  \n",
       "tot_nightlife               0.382091  0.332481      0.285174  \n",
       "murder                      0.077804  0.009438      0.041869  \n",
       "robbery                    -0.003658  0.033759      0.003840  \n",
       "forcible_rape               0.037597  0.219170      0.113525  \n",
       "thef                        0.342352  0.491356      0.679691  \n",
       "violence                    0.223450  0.344403      0.584180  \n",
       "murder_tot                  0.568969  0.644370      0.771440  \n",
       "robbery_Tot                 0.659055  0.642022      0.723995  \n",
       "forcible_rape_Tot           1.000000  0.733394      0.651931  \n",
       "thef_tot                    0.733394  1.000000      0.857465  \n",
       "violence_Tot                0.651931  0.857465      1.000000  "
      ]
     },
     "execution_count": 8,
     "metadata": {},
     "output_type": "execute_result"
    }
   ],
   "source": [
    "# dataset2: 'nightlife_crime'으로 correlation table 만들기\n",
    "nightlife_crime.corr()"
   ]
  },
  {
   "cell_type": "markdown",
   "metadata": {},
   "source": [
    "# 가설1. \n",
    "\n",
    "## 유흥업소(유흥주점 + 단란주점) 이 많은 지역은 청소년 범죄도 많을 것이다"
   ]
  },
  {
   "cell_type": "code",
   "execution_count": 9,
   "metadata": {},
   "outputs": [],
   "source": [
    "#dataset2:  nightlife_crime을 이용해서 지역, 유흥업소의 수, 청소년 5대 범죄현황으로만 구성된 dataframe을 만든다\n",
    "nightlife_teenager_crime = nightlife_crime[['region','tot_nightlife','pub','karaoke','murder','robbery','forcible_rape','thef','violence']]"
   ]
  },
  {
   "cell_type": "code",
   "execution_count": 10,
   "metadata": {},
   "outputs": [
    {
     "data": {
      "text/html": [
       "<div>\n",
       "<style scoped>\n",
       "    .dataframe tbody tr th:only-of-type {\n",
       "        vertical-align: middle;\n",
       "    }\n",
       "\n",
       "    .dataframe tbody tr th {\n",
       "        vertical-align: top;\n",
       "    }\n",
       "\n",
       "    .dataframe thead th {\n",
       "        text-align: right;\n",
       "    }\n",
       "</style>\n",
       "<table border=\"1\" class=\"dataframe\">\n",
       "  <thead>\n",
       "    <tr style=\"text-align: right;\">\n",
       "      <th></th>\n",
       "      <th>region</th>\n",
       "      <th>tot_nightlife</th>\n",
       "      <th>pub</th>\n",
       "      <th>karaoke</th>\n",
       "      <th>murder</th>\n",
       "      <th>robbery</th>\n",
       "      <th>forcible_rape</th>\n",
       "      <th>thef</th>\n",
       "      <th>violence</th>\n",
       "    </tr>\n",
       "  </thead>\n",
       "  <tbody>\n",
       "    <tr>\n",
       "      <th>0</th>\n",
       "      <td>강남</td>\n",
       "      <td>637</td>\n",
       "      <td>283</td>\n",
       "      <td>354</td>\n",
       "      <td>0</td>\n",
       "      <td>0</td>\n",
       "      <td>9</td>\n",
       "      <td>67</td>\n",
       "      <td>37</td>\n",
       "    </tr>\n",
       "    <tr>\n",
       "      <th>1</th>\n",
       "      <td>강동</td>\n",
       "      <td>252</td>\n",
       "      <td>146</td>\n",
       "      <td>106</td>\n",
       "      <td>0</td>\n",
       "      <td>3</td>\n",
       "      <td>6</td>\n",
       "      <td>193</td>\n",
       "      <td>158</td>\n",
       "    </tr>\n",
       "    <tr>\n",
       "      <th>2</th>\n",
       "      <td>강북</td>\n",
       "      <td>207</td>\n",
       "      <td>79</td>\n",
       "      <td>128</td>\n",
       "      <td>0</td>\n",
       "      <td>0</td>\n",
       "      <td>9</td>\n",
       "      <td>166</td>\n",
       "      <td>210</td>\n",
       "    </tr>\n",
       "    <tr>\n",
       "      <th>3</th>\n",
       "      <td>강서</td>\n",
       "      <td>280</td>\n",
       "      <td>113</td>\n",
       "      <td>167</td>\n",
       "      <td>0</td>\n",
       "      <td>3</td>\n",
       "      <td>9</td>\n",
       "      <td>273</td>\n",
       "      <td>240</td>\n",
       "    </tr>\n",
       "    <tr>\n",
       "      <th>4</th>\n",
       "      <td>관악</td>\n",
       "      <td>322</td>\n",
       "      <td>223</td>\n",
       "      <td>99</td>\n",
       "      <td>0</td>\n",
       "      <td>2</td>\n",
       "      <td>14</td>\n",
       "      <td>170</td>\n",
       "      <td>209</td>\n",
       "    </tr>\n",
       "  </tbody>\n",
       "</table>\n",
       "</div>"
      ],
      "text/plain": [
       "  region  tot_nightlife  pub  karaoke  murder  robbery  forcible_rape  thef  \\\n",
       "0     강남            637  283      354       0        0              9    67   \n",
       "1     강동            252  146      106       0        3              6   193   \n",
       "2     강북            207   79      128       0        0              9   166   \n",
       "3     강서            280  113      167       0        3              9   273   \n",
       "4     관악            322  223       99       0        2             14   170   \n",
       "\n",
       "   violence  \n",
       "0        37  \n",
       "1       158  \n",
       "2       210  \n",
       "3       240  \n",
       "4       209  "
      ]
     },
     "execution_count": 10,
     "metadata": {},
     "output_type": "execute_result"
    }
   ],
   "source": [
    "nightlife_teenager_crime.head()"
   ]
  },
  {
   "cell_type": "code",
   "execution_count": 11,
   "metadata": {},
   "outputs": [
    {
     "data": {
      "text/html": [
       "<div>\n",
       "<style scoped>\n",
       "    .dataframe tbody tr th:only-of-type {\n",
       "        vertical-align: middle;\n",
       "    }\n",
       "\n",
       "    .dataframe tbody tr th {\n",
       "        vertical-align: top;\n",
       "    }\n",
       "\n",
       "    .dataframe thead th {\n",
       "        text-align: right;\n",
       "    }\n",
       "</style>\n",
       "<table border=\"1\" class=\"dataframe\">\n",
       "  <thead>\n",
       "    <tr style=\"text-align: right;\">\n",
       "      <th></th>\n",
       "      <th>tot_nightlife</th>\n",
       "      <th>pub</th>\n",
       "      <th>karaoke</th>\n",
       "      <th>murder</th>\n",
       "      <th>robbery</th>\n",
       "      <th>forcible_rape</th>\n",
       "      <th>thef</th>\n",
       "      <th>violence</th>\n",
       "    </tr>\n",
       "  </thead>\n",
       "  <tbody>\n",
       "    <tr>\n",
       "      <th>tot_nightlife</th>\n",
       "      <td>1.000000</td>\n",
       "      <td>0.922502</td>\n",
       "      <td>0.889996</td>\n",
       "      <td>-0.180798</td>\n",
       "      <td>-0.144769</td>\n",
       "      <td>-0.249724</td>\n",
       "      <td>-0.220467</td>\n",
       "      <td>-0.224609</td>\n",
       "    </tr>\n",
       "    <tr>\n",
       "      <th>pub</th>\n",
       "      <td>0.922502</td>\n",
       "      <td>1.000000</td>\n",
       "      <td>0.645022</td>\n",
       "      <td>-0.166262</td>\n",
       "      <td>-0.057367</td>\n",
       "      <td>-0.255610</td>\n",
       "      <td>-0.237972</td>\n",
       "      <td>-0.226418</td>\n",
       "    </tr>\n",
       "    <tr>\n",
       "      <th>karaoke</th>\n",
       "      <td>0.889996</td>\n",
       "      <td>0.645022</td>\n",
       "      <td>1.000000</td>\n",
       "      <td>-0.161529</td>\n",
       "      <td>-0.218839</td>\n",
       "      <td>-0.192438</td>\n",
       "      <td>-0.155352</td>\n",
       "      <td>-0.177201</td>\n",
       "    </tr>\n",
       "    <tr>\n",
       "      <th>murder</th>\n",
       "      <td>-0.180798</td>\n",
       "      <td>-0.166262</td>\n",
       "      <td>-0.161529</td>\n",
       "      <td>1.000000</td>\n",
       "      <td>-0.092016</td>\n",
       "      <td>-0.145128</td>\n",
       "      <td>0.019406</td>\n",
       "      <td>-0.108604</td>\n",
       "    </tr>\n",
       "    <tr>\n",
       "      <th>robbery</th>\n",
       "      <td>-0.144769</td>\n",
       "      <td>-0.057367</td>\n",
       "      <td>-0.218839</td>\n",
       "      <td>-0.092016</td>\n",
       "      <td>1.000000</td>\n",
       "      <td>0.043506</td>\n",
       "      <td>0.213832</td>\n",
       "      <td>0.235965</td>\n",
       "    </tr>\n",
       "    <tr>\n",
       "      <th>forcible_rape</th>\n",
       "      <td>-0.249724</td>\n",
       "      <td>-0.255610</td>\n",
       "      <td>-0.192438</td>\n",
       "      <td>-0.145128</td>\n",
       "      <td>0.043506</td>\n",
       "      <td>1.000000</td>\n",
       "      <td>0.289158</td>\n",
       "      <td>0.308737</td>\n",
       "    </tr>\n",
       "    <tr>\n",
       "      <th>thef</th>\n",
       "      <td>-0.220467</td>\n",
       "      <td>-0.237972</td>\n",
       "      <td>-0.155352</td>\n",
       "      <td>0.019406</td>\n",
       "      <td>0.213832</td>\n",
       "      <td>0.289158</td>\n",
       "      <td>1.000000</td>\n",
       "      <td>0.827267</td>\n",
       "    </tr>\n",
       "    <tr>\n",
       "      <th>violence</th>\n",
       "      <td>-0.224609</td>\n",
       "      <td>-0.226418</td>\n",
       "      <td>-0.177201</td>\n",
       "      <td>-0.108604</td>\n",
       "      <td>0.235965</td>\n",
       "      <td>0.308737</td>\n",
       "      <td>0.827267</td>\n",
       "      <td>1.000000</td>\n",
       "    </tr>\n",
       "  </tbody>\n",
       "</table>\n",
       "</div>"
      ],
      "text/plain": [
       "               tot_nightlife       pub   karaoke    murder   robbery  \\\n",
       "tot_nightlife       1.000000  0.922502  0.889996 -0.180798 -0.144769   \n",
       "pub                 0.922502  1.000000  0.645022 -0.166262 -0.057367   \n",
       "karaoke             0.889996  0.645022  1.000000 -0.161529 -0.218839   \n",
       "murder             -0.180798 -0.166262 -0.161529  1.000000 -0.092016   \n",
       "robbery            -0.144769 -0.057367 -0.218839 -0.092016  1.000000   \n",
       "forcible_rape      -0.249724 -0.255610 -0.192438 -0.145128  0.043506   \n",
       "thef               -0.220467 -0.237972 -0.155352  0.019406  0.213832   \n",
       "violence           -0.224609 -0.226418 -0.177201 -0.108604  0.235965   \n",
       "\n",
       "               forcible_rape      thef  violence  \n",
       "tot_nightlife      -0.249724 -0.220467 -0.224609  \n",
       "pub                -0.255610 -0.237972 -0.226418  \n",
       "karaoke            -0.192438 -0.155352 -0.177201  \n",
       "murder             -0.145128  0.019406 -0.108604  \n",
       "robbery             0.043506  0.213832  0.235965  \n",
       "forcible_rape       1.000000  0.289158  0.308737  \n",
       "thef                0.289158  1.000000  0.827267  \n",
       "violence            0.308737  0.827267  1.000000  "
      ]
     },
     "execution_count": 11,
     "metadata": {},
     "output_type": "execute_result"
    }
   ],
   "source": [
    "# 상관계수보기\n",
    "nightlife_teenager_crime.corr()"
   ]
  },
  {
   "cell_type": "markdown",
   "metadata": {},
   "source": [
    "--> 전체 지역구의 유흥업소 수와 청소년 범죄는 유의미한 상관관계가 보이지않음"
   ]
  },
  {
   "cell_type": "code",
   "execution_count": 12,
   "metadata": {},
   "outputs": [
    {
     "data": {
      "text/plain": [
       "<matplotlib.axes._subplots.AxesSubplot at 0x1a20a4fc88>"
      ]
     },
     "execution_count": 12,
     "metadata": {},
     "output_type": "execute_result"
    },
    {
     "data": {
